La proposition de transport initalisée avec la méthode Nord-Ouest est la suivante : 

10 0 0 0 0 0 0 0 0 0 10
20 0 0 0 0 0 0 0 0 0 20
30 0 0 0 0 0 0 0 0 0 30
40 0 0 0 0 0 0 0 0 0 40
0 50 0 0 0 0 0 0 0 0 50
0 60 0 0 0 0 0 0 0 0 60
0 0 70 0 0 0 0 0 0 0 70
0 0 80 0 0 0 0 0 0 0 80
0 0 0 90 0 0 0 0 0 0 90
0 0 0 0 100 0 0 0 0 0 100
0 0 0 0 0 110 0 0 0 0 110
0 0 0 0 0 0 120 0 0 0 120
0 0 0 0 0 0 0 130 0 0 130
0 0 0 0 0 0 0 0 140 0 140
0 0 0 0 0 0 0 0 0 150 150
10 0 0 0 0 0 0 0 0 150 160
0 30 0 0 0 0 0 0 140 0 170
0 0 0 50 0 0 0 130 0 0 180
0 0 0 0 70 0 120 0 0 0 190
10 0 10 40 30 110 0 0 0 0 200
120 140 160 180 200 220 240 260 280 300 2100
