La proposition de transport initalisee avec la methode Nord-Ouest est la suivante : 

100 60 0 0 0 0 0 0 0 0 0 0 0 0 0 0 160
0 40 100 20 0 0 0 0 0 0 0 0 0 0 0 0 160
0 0 0 80 80 0 0 0 0 0 0 0 0 0 0 0 160
0 0 0 0 20 100 40 0 0 0 0 0 0 0 0 0 160
0 0 0 0 0 0 60 100 0 0 0 0 0 0 0 0 160
0 0 0 0 0 0 0 0 100 60 0 0 0 0 0 0 160
0 0 0 0 0 0 0 0 0 40 100 20 0 0 0 0 160
0 0 0 0 0 0 0 0 0 0 0 80 80 0 0 0 160
0 0 0 0 0 0 0 0 0 0 0 0 20 100 40 0 160
0 0 0 0 0 0 0 0 0 0 0 0 0 0 60 100 160
100 100 100 100 100 100 100 100 100 100 100 100 100 100 100 100 1600
