La proposition de transport initalisée avec la méthode Nord-Ouest est la suivante : 

0 0 0 0 0 0 0 0 0 40 0 40 0 40 0 40 160
0 40 0 40 0 40 0 40 0 0 0 0 0 0 0 0 160
0 0 0 0 0 0 0 0 0 0 0 0 0 0 100 60 160
0 0 0 0 0 0 0 0 0 0 0 0 100 60 0 0 160
0 0 0 0 0 0 0 0 0 0 100 60 0 0 0 0 160
0 0 0 0 0 0 0 0 100 60 0 0 0 0 0 0 160
0 0 0 0 0 0 100 60 0 0 0 0 0 0 0 0 160
0 0 0 0 100 60 0 0 0 0 0 0 0 0 0 0 160
0 0 100 60 0 0 0 0 0 0 0 0 0 0 0 0 160
100 60 0 0 0 0 0 0 0 0 0 0 0 0 0 0 160
100 100 100 100 100 100 100 100 100 100 100 100 100 100 100 100 1600
